REPORT of DATE, TOT CASES, CURRENTLY INFECTED, NEW INFECTED, NEW HEALED, NEW DECEASED, VARIATION OF TOTAL INFECTED
                data  totale_casi  totale_positivi  nuovi_positivi  nuovi_guariti  nuovi_deceduti  variazione_totale_positivi
 2020-02-24T18:00:00          229              221             221              1               7                           0
 2020-02-25T18:00:00          322              311              93              0               3                          90
 2020-02-26T18:00:00          400              385              78              2               2                          74
 2020-02-27T18:00:00          650              588             250             42               5                         203
 2020-02-28T18:00:00          888              821             238              1               4                         233
 2020-02-29T18:00:00         1128             1049             240              4               8                         228
 2020-03-01T18:00:00         1694             1577             566             33               5                         528
 2020-03-02T18:00:00         2036             1835             342             66              18                         258
 2020-03-03T18:00:00         2502             2263             466             11              27                         428
 2020-03-04T18:00:00         3089             2706             587            116              28                         443
 2020-03-05T18:00:00         3858             3296             769            138              41                         590
 2020-03-06T18:00:00         4636             3916             778            109              49                         620
 2020-03-07T18:00:00         5883             5061            1247             66              36                        1145
 2020-03-08T18:00:00         7375             6387            1492             33             133                        1326
 2020-03-09T18:00:00         9172             7985            1797            102              97                        1598
 2020-03-10T18:00:00        10149             8514             977            280             168                         529
 2020-03-11T17:00:00        12462            10590            2313             41             196                        2076
 2020-03-12T17:00:00        15113            12839            2651            213             189                        2249
 2020-03-13T17:00:00        17660            14955            2547            181             250                        2116
 2020-03-14T17:00:00        21157            17750            3497            527             175                        2795
 2020-03-15T17:00:00        24747            20603            3590            369             368                        2853
 2020-03-16T17:00:00        27980            23073            3233            414             349                        2470
 2020-03-17T17:00:00        31506            26062            3526            192             345                        2989
 2020-03-18T17:00:00        35713            28710            4207           1084             475                        2648
 2020-03-19T17:00:00        41035            33190            5322            415             427                        4480
 2020-03-20T17:00:00        47021            37860            5986            689             627                        4670
 2020-03-21T17:00:00        53578            42681            6557            943             793                        4821
 2020-03-22T17:00:00        59138            46638            5560            952             651                        3957
 2020-03-23T17:00:00        63927            50418            4789            408             601                        3780
 2020-03-24T17:00:00        69176            54030            5249            894             743                        3612
 2020-03-25T17:00:00        74386            57521            5210           1036             683                        3491
 2020-03-26T17:00:00        80539            62013            6153            999             662                        4492
 2020-03-27T17:00:00        86498            66414            5959            589             969                        4401
 2020-03-28T17:00:00        92472            70065            5974           1434             889                        3651
 2020-03-29T17:00:00        97689            73880            5217            646             756                        3815
 2020-03-30T17:00:00       101739            75528            4050           1590             812                        1648
 2020-03-31T17:00:00       105792            77635            4053           1109             837                        2107
 2020-04-01T17:00:00       110574            80572            4782           1118             727                        2937
 2020-04-02T17:00:00       115242            83049            4668           1431             760                        2477
 2020-04-03T17:00:00       119827            85388            4585           1480             766                        2339
 2020-04-04T17:00:00       124632            88274            4805           1238             681                        2886
 2020-04-05T17:00:00       128948            91246            4316            819             525                        2972
 2020-04-06T17:00:00       132547            93187            3599           1022             636                        1941
 2020-04-07T17:00:00       135586            94067            3039           1555             604                         880
 2020-04-08T17:00:00       139422            95262            3836           2099             542                        1195
 2020-04-09T17:00:00       143626            96877            4204           1979             610                        1615
 2020-04-10T17:00:00       147577            98273            3951           1985             570                        1396
 2020-04-11T17:00:00       152271           100269            4694           2079             619                        1996
 2020-04-12T17:00:00       156363           102253            4092           1677             431                        1984
 2020-04-13T17:00:00       159516           103616            3153           1224             566                        1363
 2020-04-14T17:00:00       162488           104291            2972           1695             602                         675
 2020-04-15T17:00:00       165155           105418            2667            962             578                        1127
 2020-04-16T17:00:00       168941           106607            3786           2072             525                        1189
 2020-04-17T17:00:00       172434           106962            3493           2563             575                         355
 2020-04-18T17:00:00       175925           107771            3491           2200             482                         809
 2020-04-19T17:00:00       178972           108257            3047           2128             433                         486
 2020-04-20T17:00:00       181228           108237            2256           1822             454                         -20
 2020-04-21T17:00:00       183957           107709            2729           2723             534                        -528
 2020-04-22T17:00:00       187327           107699            3370           2943             437                         -10
 2020-04-23T17:00:00       189973           106848            2646           3033             464                        -851
 2020-04-24T17:00:00       192994           106527            3021           2922             420                        -321
 2020-04-25T17:00:00       195351           105847            2357           2622             415                        -680
 2020-04-26T17:00:00       197675           106103            2324           1808             260                         256
 2020-04-27T17:00:00       199414           105813            1739           1696             333                        -290
 2020-04-28T17:00:00       201505           105205            2091           2317             382                        -608
 2020-04-29T17:00:00       203591           104657            2086           2311             323                        -548
 2020-04-30T17:00:00       205463           101551            1872           4693             285                       -3106
 2020-05-01T17:00:00       207428           100943            1965           2304             269                        -608
 2020-05-02T17:00:00       209328           100704            1900           1665             474                        -239
 2020-05-03T17:00:00       210717           100179            1389           1740             174                        -525
 2020-05-04T17:00:00       211938            99980            1221           1225             195                        -199
 2020-05-05T17:00:00       213013            98467            1075           2352             236                       -1513
 2020-05-06T17:00:00       214457            91528            1444           8014             369                       -6939
 2020-05-07T17:00:00       215858            89624            1401           3031             274                       -1904
 2020-05-08T17:00:00       217185            87961            1327           2747             243                       -1663
 2020-05-09T17:00:00       218268            84842            1083           4008             194                       -3119
 2020-05-10T17:00:00       219070            83324             802           2155             165                       -1518
 2020-05-11T17:00:00       219814            82488             744           1401             179                        -836
 2020-05-12T17:00:00       221216            81266            1402           2452             172                       -1222
 2020-05-13T17:00:00       222104            78457             888           3502             195                       -2809
 2020-05-14T17:00:00       223096            76440             992           2747             262                       -2017
 2020-05-15T17:00:00       223885            72070             789           4917             242                       -4370
 2020-05-16T17:00:00       224760            70187             875           2605             153                       -1883
 2020-05-17T17:00:00       225435            68351             675           2366             145                       -1836
 2020-05-18T17:00:00       225886            66553             451           2150              99                       -1798
 2020-05-19T17:00:00       226699            65129             813           2075             162                       -1424
 2020-05-20T17:00:00       227364            62752             665           2881             161                       -2377
 2020-05-21T17:00:00       228006            60960             642           2278             156                       -1792
 2020-05-22T17:00:00       228658            59322             652           2160             130                       -1638
 2020-05-23T17:00:00       229327            57752             669           2120             119                       -1570
 2020-05-24T17:00:00       229858            56594             531           1639              50                       -1158
 2020-05-25T17:00:00       230158            55300             300           1502              92                       -1294
 2020-05-26T17:00:00       230555            52942             397           2677              78                       -2358
 2020-05-27T17:00:00       231139            50966             584           2443             117                       -1976
 2020-05-28T17:00:00       231732            47986             593           3503              70                       -2980
 2020-05-29T17:00:00       232248            46175             516           2240              87                       -1811
 2020-05-30T17:00:00       232664            43691             416           2789             111                       -2484
 2020-05-31T17:00:00       233019            42097             355           1874              75                       -1594
 2020-06-01T17:00:00       233197            41367             178            848              60                        -730
 2020-06-02T17:00:00       233515            39893             318           1737              55                       -1474
 2020-06-03T17:00:00       233836            39297             321            846              71                        -596
 2020-06-04T17:00:00       234013            38429             177            957              88                        -868
 2020-06-05T17:00:00       234531            36976             518           1886              85                       -1453
 2020-06-06T17:00:00       234801            35877             270           1297              72                       -1099
 2020-06-07T17:00:00       234998            35262             197            759              53                        -615
 2020-06-08T17:00:00       235278            34730             280            747              65                        -532
 2020-06-09T17:00:00       235561            32872             283           2062              79                       -1858
 2020-06-10T17:00:00       235763            31710             202           1293              71                       -1162
 2020-06-11T17:00:00       236142            30637             379           1399              53                       -1073
 2020-06-12T17:00:00       236305            28997             163           1747              56                       -1640
 2020-06-13T17:00:00       236651            27485             346           1780              78                       -1512
 2020-06-14T17:00:00       236989            26274             338           1505              44                       -1211
 2020-06-15T17:00:00       237290            25909             303            640              26                        -365
 2020-06-16T17:00:00       237500            24569             210           1516              34                       -1340
 2020-06-17T17:00:00       237828            23925             329            929              43                        -644
 2020-06-18T17:00:00       238159            23101             333           1089              66                        -824
 2020-06-19T17:00:00       238011            21543             251           1363              47                       -1558
 2020-06-20T17:00:00       238275            21212             262            546              49                        -331
 2020-06-21T17:00:00       238499            20972             224            440              24                        -240
 2020-06-22T17:00:00       238720            20637             218            533              23                        -335
 2020-06-23T17:00:00       238833            19573             122           1159              18                       -1064
 2020-06-24T17:00:00       239410            18655             190           1526             -31                        -918
 2020-06-25T17:00:00       239706            18303             296            614              34                        -352
 2020-06-26T17:00:00       239961            17638             259            890              30                        -665
 2020-06-27T17:00:00       240136            16836             175            969               8                        -802
 2020-06-28T17:00:00       240310            16681             174            307              22                        -155
 2020-06-29T17:00:00       240436            16496             126            305               6                        -185
 2020-06-30T17:00:00       240578            15563             142           1052              23                        -933
 2020-07-01T17:00:00       240760            15255             187            469              21                        -308
 2020-07-02T17:00:00       240961            15060             201            366              30                        -195
 2020-07-03T17:00:00       241184            14884             223            384              15                        -176
 2020-07-04T17:00:00       241419            14621             235            477              21                        -263
 2020-07-05T17:00:00       241611            14642             192            164               7                          21
 2020-07-06T17:00:00       241819            14709             208            133               8                          67
 2020-07-07T17:00:00       241956            14242             138            574              30                        -467
 2020-07-08T17:00:00       242149            13595             193            825              15                        -647
 2020-07-09T17:00:00       242363            13459             229            338              12                        -136
 2020-07-10T17:00:00       242639            13428             276            295              12                         -31
 2020-07-11T17:00:00       242827            13303             188            306               7                        -125
 2020-07-12T17:00:00       243061            13179             234            349               9                        -124
 2020-07-13T17:00:00       243230            13157             169            178              13                         -22
 2020-07-14T17:00:00       243344            12919             114            335              17                        -238
 2020-07-15T17:00:00       243506            12493             163            575              13                        -426
 2020-07-16T17:00:00       243736            12473             230            230              20                         -20
 2020-07-17T17:00:00       243967            12456             233            237              11                         -17
 2020-07-18T17:00:00       244216            12368             249            323              14                         -88
 2020-07-19T17:00:00       244434            12440             219            143               3                          72
 2020-07-20T17:00:00       244624            12404             190            213              13                         -36
 2020-07-21T17:00:00       244752            12248             129            269              15                        -156
 2020-07-22T17:00:00       245032            12322             282            197               9                          74
 2020-07-23T17:00:00       245338            12404             306            214              10                          82
 2020-07-24T17:00:00       245590            12301             252            350               5                        -103
 2020-07-25T17:00:00       245864            12442             275            128               5                         141
 2020-07-26T17:00:00       246118            12565             255            126               5                         123
 2020-07-27T17:00:00       246286            12581             170            147               5                          16
 2020-07-28T17:00:00       246488            12609             212            163              11                          28
 2020-07-29T17:00:00       246776            12616             289            275               6                           7
 2020-07-30T17:00:00       247158            12230             386            765               3                        -386
 2020-07-31T17:00:00       247537            12422             379            178               9                         192
 2020-08-01T17:00:00       247832            12457             295            255               5                          35
 2020-08-02T17:00:00       248070            12456             239            231               8                          -1
 2020-08-03T17:00:00       248229            12474             159            129              12                          18
 2020-08-04T17:00:00       248419            12482             190            177               5                           8
 2020-08-05T17:00:00       248803            12646             384            210              10                         164
 2020-08-06T17:00:00       249204            12694             402            347               6                          48
 2020-08-07T17:00:00       249756            12924             552            319               3                         230
 2020-08-08T17:00:00       250103            12953             347            305              13                          29
 2020-08-09T17:00:00       250566            13263             463            151               2                         310
 2020-08-10T17:00:00       250825            13368             259            150               4                         105
 2020-08-11T17:00:00       251237            13561             412            213               6                         193
 2020-08-12T17:00:00       251713            13791             481            236              10                         230
 2020-08-13T17:00:00       252235            14081             523            226               6                         290
 2020-08-14T17:00:00       252809            14249             574            403               3                         168
 2020-08-15T17:00:00       253438            14406             629            314             158                         157
 2020-08-16T17:00:00       253915            14733             479            146               4                         327
 2020-08-17T17:00:00       254235            14867             320            182               4                         134
 2020-08-18T17:00:00       254636            15089             403            174               5                         222
 2020-08-19T17:00:00       255278            15360             642            364               7                         271
 2020-08-20T17:00:00       256118            16014             845            180               6                         654
 2020-08-21T17:00:00       257065            16678             947            274               9                         664
 2020-08-22T17:00:00       258136            17503            1071            243               3                         825
 2020-08-23T17:00:00       259345            18438            1210            267               7                         935
 2020-08-24T17:00:00       260298            19195             953            192               4                         757
 2020-08-25T17:00:00       261174            19714             878            353               4                         519
 2020-08-26T17:00:00       262540            20753            1367            314              13                        1039
 2020-08-27T17:00:00       263949            21932            1411            225               5                        1179
 2020-08-28T17:00:00       265409            23035            1462            348               9                        1103
 2020-08-29T17:00:00       266853            24156            1444            322               1                        1121
 2020-08-30T17:00:00       268218            25205            1365            312               4                        1049
 2020-08-31T17:00:00       269214            26078             996            117               6                         873
 2020-09-01T17:00:00       270189            26754             978            291               8                         676
 2020-09-02T17:00:00       271515            27817            1326            257               6                        1063
 2020-09-03T17:00:00       272912            28915            1397            289              10                        1098
 2020-09-04T17:00:00       274644            30099            1733            537              11                        1184
 2020-09-05T17:00:00       276337            31194            1694            583              15                        1095
 2020-09-06T17:00:00       277634            32078            1297            405               8                         884
 2020-09-07T17:00:00       278784            32993            1108            223              12                         915
 2020-09-08T17:00:00       280153            33789            1370            563              10                         796
 2020-09-09T17:00:00       281583            34734            1434            471              14                         945
 2020-09-10T17:00:00       283180            35708            1597            613              10                         974
 2020-09-11T17:00:00       284796            36767            1616            547              10                        1059
 2020-09-12T17:00:00       286297            37503            1501            759               6                         736
 2020-09-13T17:00:00       287753            38509            1458            443               7                        1006
 2020-09-14T17:00:00       288761            39187            1008            316              14                         678
 2020-09-15T17:00:00       289990            39712            1229            695               9                         525
 2020-09-16T17:00:00       291442            40532            1452            620              12                         820
 2020-09-17T17:00:00       293025            41413            1585            689              13                         881
 2020-09-18T17:00:00       294932            42457            1907            853              10                        1044
 2020-09-19T17:00:00       296569            43161            1638            909              24                         704
 2020-09-20T17:00:00       298156            44098            1587            635              15                         937
 2020-09-21T17:00:00       299506            45079            1350            352              17                         981
 2020-09-22T17:00:00       300897            45489            1392            967              14                         410
 2020-09-23T17:00:00       302537            46114            1640            995              20                         625
 2020-09-24T17:00:00       304323            46780            1786           1097              23                         666
 2020-09-25T17:00:00       306235            47718            1912            954              20                         938
 2020-09-26T17:00:00       308104            48593            1869            977              17                         875
 2020-09-27T17:00:00       309870            49618            1766            724              17                        1025
 2020-09-28T17:00:00       311364            50323            1494            773              16                         705
 2020-09-29T17:00:00       313011            50630            1648           1316              24                         307
 2020-09-30T17:00:00       314861            51263            1851           1198              19                         633
 2020-10-01T17:00:00       317409            52647            2548           1140              24                        1384
 2020-10-02T17:00:00       319908            53997            2499           1126              23                        1350
 2020-10-03T17:00:00       322751            55566            2844           1247              27                        1569
 2020-10-04T17:00:00       325329            57429            2578            697              18                        1863
 2020-10-05T17:00:00       327586            58903            2257            767              16                        1474
 2020-10-06T17:00:00       330263            60134            2677           1418              28                        1231
 2020-10-07T17:00:00       333940            62576            3678           1204              31                        2442
 2020-10-08T17:00:00       338398            65952            4458           1060              22                        3376
 2020-10-09T17:00:00       343770            70110            5372           1186              28                        4158
 2020-10-10T17:00:00       349494            74829            5724            976              29                        4719
 2020-10-11T17:00:00       354950            79075            5456           1184              26                        4246
 2020-10-12T17:00:00       359569            82764            4619            891              39                        3689
 2020-10-13T17:00:00       365467            87193            5901           1428              41                        4429
 2020-10-14T17:00:00       372799            92445            7332           2037              43                        5252
 2020-10-15T17:00:00       381602            99266            8804           1899              83                        6821
 2020-10-16T17:00:00       391611           107312           10010           1908              55                        8046
 2020-10-17T17:00:00       402536           116935           10925           1255              47                        9623
 2020-10-18T17:00:00       414241           126237           11705           2334              69                        9302
 2020-10-19T17:00:00       423578           134003            9338           1498              73                        7766
 2020-10-20T17:00:00       434449           142739           10874           2046              89                        8736
 2020-10-21T17:00:00       449648           155442           15199           2369             127                       12703
 2020-10-22T17:00:00       465726           169302           16079           2082             136                       13860
 2020-10-23T17:00:00       484869           186002           19143           2352              91                       16700
 2020-10-24T17:00:00       504509           203182           19644           2309             151                       17180
 2020-10-25T17:00:00       525782           222241           21273           2086             128                       19059
 2020-10-26T17:00:00       542789           236684           17012           2423             141                       14443
 2020-10-27T17:00:00       564778           255090           21994           3362             221                       18406
 2020-10-28T17:00:00       589766           276457           24991           3416             205                       21367
 2020-10-29T17:00:00       616595           299191           26831           3878             217                       22734
 2020-10-30T17:00:00       647674           325786           31084           4285             199                       26595
 2020-10-31T17:00:00       679430           351386           31758           5859             297                       25600
 2020-11-01T17:00:00       709335           378129           29907           2954             208                       26743
 2020-11-02T17:00:00       731588           396512           22253           3637             233                       18383
 2020-11-03T17:00:00       759829           418142           28244           6258             353                       21630
 2020-11-04T17:00:00       790377           443235           30550           5103             335                       25093
 2020-11-05T17:00:00       824879           472348           34505           4961             445                       29113
 2020-11-06T17:00:00       862681           499118           37809          10586             446                       26770
 2020-11-07T17:00:00       902490           532536           39811           5966             425                       33418
 2020-11-08T17:00:00       935104           558636           32616           6183             331                       26100
 2020-11-09T17:00:00       960373           573334           25271          10215             356                       14698
 2020-11-10T17:00:00       995463           590110           35098          17734             580                       16776
 2020-11-11T17:00:00      1028424           613358           32961           9090             623                       23248
 2020-11-12T17:00:00      1066401           635054           37978          15645             636                       21696
 2020-11-13T17:00:00      1107303           663926           40902          11480             550                       28872
 2020-11-14T17:00:00      1144552           688435           37255          12196             544                       24509
 2020-11-15T17:00:00      1178529           712490           33979           9376             546                       24055
 2020-11-16T17:00:00      1205881           717784           27354          21554             504                        5294
 2020-11-17T17:00:00      1238072           733810           32191          15434             731                       16026
 2020-11-18T17:00:00      1272352           743168           34282          24169             753                        9358
 2020-11-19T17:00:00      1308528           761671           36176          17020             653                       18503
 2020-11-20T17:00:00      1345767           777176           37242          21035             699                       15505
 2020-11-21T17:00:00      1380531           791746           34767          19502             692                       14570
 2020-11-22T17:00:00      1408868           805947           28337          13574             562                       14201
 2020-11-23T17:00:00      1431795           796849           22930          31395             630                       -9098
 2020-11-24T17:00:00      1455022           798386           23232          20837             853                        1537
 2020-11-25T17:00:00      1480874           791697           25853          31819             722                       -6689
 2020-11-26T17:00:00      1509875           795845           29003          24031             822                        4148
 2020-11-27T17:00:00      1538217           787893           28352          35467             827                       -7952
 2020-11-28T17:00:00      1564532           789308           26323          24214             686                        1415
 2020-11-29T17:00:00      1585178           795771           20648          13642             541                        6463
 2020-11-30T17:00:00      1601554           788471           16377          23004             672                       -7300
 2020-12-01T17:00:00      1620901           779945           19350          27088             785                       -8526
 2020-12-02T17:00:00      1641610           761230           20709          38740             684                      -18715
 2020-12-03T17:00:00      1664829           759982           23225          23474             993                       -1248
 2020-12-04T17:00:00      1688939           757702           24099          25576             814                       -2280
 2020-12-05T17:00:00      1709991           754169           21052          23923             662                       -3533
 2020-12-06T17:00:00      1728878           755306           18887          17186             564                        1137
 2020-12-07T17:00:00      1742557           748819           13720          19638             528                       -6487
 2020-12-08T17:00:00      1757394           737525           14842          25497             634                      -11294
 2020-12-09T17:00:00      1770149           710515           12756          39266             499                      -27010
 2020-12-10T17:00:00      1787147           696527           16999          30099             887                      -13988
 2020-12-11T17:00:00      1805873           690323           18727          24169             761                       -6204
 2020-12-12T17:00:00      1825775           684848           19903          24728             649                       -5475
 2020-12-13T17:00:00      1843712           686031           17938          16270             484                        1183
 2020-12-14T17:00:00      1855737           675109           12030          22456             491                      -10922
 2020-12-15T17:00:00      1870576           663313           14844          25789             846                      -11796
 2020-12-16T17:00:00      1888144           645706           17572          34495             680                      -17607
 2020-12-17T17:00:00      1906377           635343           18236          27913             683                      -10363
 2020-12-18T17:00:00      1921778           627798           17992          22272             674                       -7545
 2020-12-19T17:00:00      1938083           620166           16308          23384             553                       -7632
 2020-12-20T17:00:00      1953185           622760           15104          12156             352                        2594
 2020-12-21T17:00:00      1964054           613582           10872          19632             415                       -9178
 2020-12-22T17:00:00      1977370           605955           13318          20315             628                       -7627
 2020-12-23T17:00:00      1991278           598816           14522          20494             553                       -7139
 2020-12-24T17:00:00      2009317           593632           18040          22718             505                       -5184
 2020-12-25T17:00:00      2028354           579886           19037          32324             459                      -13746
 2020-12-26T17:00:00      2038783           580943           10431           9104             268                        1057
 2020-12-27T17:00:00      2047696           581760            8913           7798             298                         817
 2020-12-28T17:00:00      2056277           575221            8585          14675             445                       -6539
 2020-12-29T17:00:00      2067487           568728           11224          17044             659                       -6493
 2020-12-30T17:00:00      2083689           564395           16202          19960             575                       -4333
 2020-12-31T17:00:00      2107166           569896           23477          17421             555                        5501
 2021-01-01T17:00:00      2129376           574767           22211          16877             462                        4871
 2021-01-02T17:00:00      2141201           577062           11831           9166             364                        2295
 2021-01-03T17:00:00      2155446           576214           14245          14746             347                        -848
 2021-01-04T17:00:00      2166244           570458           10800          16206             348                       -5756
 2021-01-05T17:00:00      2181619           569161           15378          16023             649                       -1297
 2021-01-06T17:00:00      2201945           568712           20331          20227             548                        -449
 2021-01-07T17:00:00      2220361           571055           18020          15659             414                        2343
 2021-01-08T17:00:00      2237890           570389           17533          17575             620                        -666
 2021-01-09T17:00:00      2257866           572842           19978          17040             483                        2453
 2021-01-10T17:00:00      2276491           579932           18627          11174             361                        7090
 2021-01-11T17:00:00      2289021           575979           12532          16035             448                       -3953
 2021-01-12T17:00:00      2303263           570040           14242          19565             616                       -5939
 2021-01-13T17:00:00      2319036           564774           15774          20532             507                       -5266
 2021-01-14T17:00:00      2336279           561380           17246          20115             522                       -3394
 2021-01-15T17:00:00      2352423           558068           16146          18979             477                       -3312
 2021-01-16T17:00:00      2368733           557717           16310          16186             475                        -351
 2021-01-17T17:00:00      2381277           553374           12545          16510             377                       -4343
 2021-01-18T17:00:00      2390102           547059            8825          14763             377                       -6315
 2021-01-19T17:00:00      2400598           535524           10497          21428             603                      -11535
 2021-01-20T17:00:00      2414166           523553           13571          25015             524                      -11971
 2021-01-21T17:00:00      2428221           516568           14078          20519             521                       -6985
 2021-01-22T17:00:00      2441854           502053           13633          27676             472                      -14515
 2021-01-23T17:00:00      2455185           498834           13331          16062             488                       -3219
 2021-01-24T17:00:00      2466813           499278           11629          10885             299                         444
 2021-01-25T17:00:00      2475372           491630            8562          15787             420                       -7648
 2021-01-26T17:00:00      2485956           482417           10593          19256             541                       -9213
 2021-01-27T17:00:00      2501147           477969           15204          19172             467                       -4448
 2021-01-28T17:00:00      2515507           474617           14372          17220             492                       -3352
 2021-01-29T17:00:00      2529070           467824           13574          19879             477                       -6793
 2021-01-30T17:00:00      2541783           463352           12715          16764             421                       -4472
 2021-01-31T17:00:00      2553032           453968           11252          20396             237                       -9384
 2021-02-01T17:00:00      2560957           447589            7925          13975             329                       -6379
 2021-02-02T17:00:00      2570608           437765            9660          18977             498                       -9824
 2021-02-03T17:00:00      2583790           434722           13189          15748             476                       -3043
 2021-02-04T17:00:00      2597446           430277           13659          17680             422                       -4445
 2021-02-05T17:00:00      2611659           429118           14218          14995             377                       -1159
 2021-02-06T17:00:00      2625098           427034           13442          15138             385                       -2084
 2021-02-07T17:00:00      2636738           427024           11641          11380             270                         -10
 2021-02-08T17:00:00      2644707           419604            7970          15082             307                       -7420
 2021-02-09T17:00:00      2655319           413967           10630          15827             422                       -5637
 2021-02-10T17:00:00      2668266           410111           12956          16467             336                       -3856
 2021-02-11T17:00:00      2683403           405019           15146          19838             391                       -5092
 2021-02-12T17:00:00      2697296           402174           13908          16422             316                       -2845
 2021-02-13T17:00:00      2710819           401413           13532          13973             311                        -761
 2021-02-14T17:00:00      2721879           402783           11068           9469             221                        1370
 2021-02-15T17:00:00      2729223           398098            7351          11771             258                       -4685
 2021-02-16T17:00:00      2739591           393686           10386          14444             336                       -4412
 2021-02-17T17:00:00      2751657           388864           12074          16519             369                       -4822
 2021-02-18T17:00:00      2765412           384501           13762          17776             342                       -4363
 2021-02-19T17:00:00      2780882           382448           15479          17170             353                       -2053
 2021-02-20T17:00:00      2795796           384623           14931          12488             251                        2175
 2021-02-21T17:00:00      2809246           388895           13452           8946             232                        4272
 2021-02-22T17:00:00      2818863           387903            9630          10335             274                        -992
 2021-02-23T17:00:00      2832162           387948           13314          12898             356                          45
 2021-02-24T17:00:00      2848564           389433           16424          14599             318                        1485
 2021-02-25T17:00:00      2868435           396143           19886          12853             308                        6710
 2021-02-26T17:00:00      2888923           404664           20499          11714             253                        8521
 2021-02-27T17:00:00      2907825           411966           18916          11320             280                        7302
 2021-02-28T17:00:00      2925265           422367           17455           6847             192                       10401
 2021-03-01T17:00:00      2938371           424333           13114          10894             246                        1966
 2021-03-02T17:00:00      2955434           430996           17083          10057             343                        6663
 2021-03-03T17:00:00      2976274           437421           20884          14068             347                        6425
 2021-03-04T17:00:00      2999119           446439           22865          13488             339                        9018
 2021-03-05T17:00:00      3023129           456470           24036          13682             297                       10031
 2021-03-06T17:00:00      3046762           465812           23641          13984             307                        9342
 2021-03-07T17:00:00      3067486           472862           20765          13467             207                        7050
 2021-03-08T17:00:00      3081368           472533           13902          13893             318                        -329
 2021-03-09T17:00:00      3101093           478883           19749          12999             376                        6350
 2021-03-10T17:00:00      3123368           487074           22409          13752             332                        8191
 2021-03-11T17:00:00      3149017           497350           25673          15000             373                       10276
 2021-03-12T17:00:00      3175807           509317           26824          14443             380                       11967
 2021-03-13T17:00:00      3201838           520061           26062          14970             317                       10744
 2021-03-14T17:00:00      3223142           531266           21315           9835             264                       11205
 2021-03-15T17:00:00      3238394           530357           15267          15807             354                        -909
 2021-03-16T17:00:00      3258770           536115           20396          14116             502                        5758
 2021-03-17T17:00:00      3281810           539008           23059          19716             431                        2893
 2021-03-18T17:00:00      3306711           547510           24935          15976             423                        8502
 2021-03-19T17:00:00      3332418           556539           25735          16292             386                        9029
 2021-03-20T17:00:00      3356331           565453           23832          14598             401                        8914
 2021-03-21T17:00:00      3376376           571672           20159          13526             300                        6219
 2021-03-22T17:00:00      3400877           563067           13846          32720             386                       -8605
 2021-03-23T17:00:00      3419616           560654           18765          20601             551                       -2413
 2021-03-24T17:00:00      3440862           561308           21267          20132             460                         654
 2021-03-25T17:00:00      3464645           562958           23798          21673             460                        1650
 2021-03-26T17:00:00      3488619           566711           23987          19764             457                        3753
 2021-03-27T17:00:00      3512390           571815           23776          18287             380                        5104
 2021-03-28T17:00:00      3531994           573172           19611          17950             297                        1357
 2021-03-29T17:00:00      3544894           565930           12916          19725             417                       -7242
 2021-03-30T17:00:00      3560945           562765           16013          18687             529                       -3165
 2021-03-31T17:00:00      3583444           561053           22516          23744             467                       -1712
 2021-04-01T17:00:00      3607083           563479           23649          20712             501                        2426
 2021-04-02T17:00:00      3629000           565295           21932          19620             481                        1816
 2021-04-03T17:00:00      3650247           564855           21261          21311             376                        -440
 2021-04-04T17:00:00      3668264           569035           18025          13511             326                        4180
 2021-04-05T17:00:00      3678944           570096           10680           9323             296                        1061
 2021-04-06T17:00:00      3686707           555705            7767          21733             421                      -14391
 2021-04-07T17:00:00      3700393           547837           13708          20927             627                       -7868
 2021-04-08T17:00:00      3717602           544330           17221          20229             487                       -3507
 2021-04-09T17:00:00      3736526           536361           18938          26175             718                       -7969
 2021-04-10T17:00:00      3754077           533085           17567          20483             344                       -3276
 2021-04-11T17:00:00      3769814           533005           15746          15486             331                         -80
 2021-04-12T17:00:00      3779594           524417            9789          18010             358                       -8588
 2021-04-13T17:00:00      3793033           519220           13447          18160             476                       -5197
 2021-04-14T17:00:00      3809193           514660           16168          20251             469                       -4560
 2021-04-15T17:00:00      3826156           510023           16974          21220             380                       -4637
 2021-04-16T17:00:00      3842079           506738           15943          18779             429                       -3285
 2021-04-17T17:00:00      3857443           505308           15370          16484             310                       -1430
 2021-04-18T17:00:00      3870131           504611           12694          13134             251                        -697
 2021-04-19T17:00:00      3878994           493489            8864          19669             316                      -11122
 2021-04-20T17:00:00      3891063           482715           12074          22453             390                      -10774
 2021-04-21T17:00:00      3904899           475635           13844          20552             364                       -7080
 2021-04-22T17:00:00      3920945           472196           16050          19125             360                       -3439
 2021-04-23T17:00:00      3935703           465543           14761          21069             342                       -6653
 2021-04-24T17:00:00      3949517           461448           13817          17587             322                       -4095
 2021-04-25T17:00:00      3962674           461212           13158          13176             217                        -236
 2021-04-26T17:00:00      3971114           452812            8444          16539             301                       -8400
 2021-04-27T17:00:00      3981512           448149           10404          14688             373                       -4663
 2021-04-28T17:00:00      3994894           442771           13385          18416             344                       -5378
 2021-04-29T17:00:00      4009208           438709           14320          18088             288                       -4062
 2021-04-30T17:00:00      4022653           436270           13446          15621             263                       -2439
 2021-05-01T17:00:00      4035617           430542           12965          18466             226                       -5728
 2021-05-02T17:00:00      4044762           430906            9148           8637             144                         364
 2021-05-03T17:00:00      4050708           423558            5948          13038             256                       -7348
 2021-05-04T17:00:00      4059821           413889            9116          18477             305                       -9669
 2021-05-05T17:00:00      4070400           407129           10585          17072             267                       -6760
 2021-05-06T17:00:00      4082198           402802           11807          15867             258                       -4327
 2021-05-07T17:00:00      4092747           397564           10554          15580             207                       -5238
 2021-05-08T17:00:00      4102921           390120           10176          17394             224                       -7444
 2021-05-09T17:00:00      4111210           383854            8292          14416             139                       -6266
 2021-05-10T17:00:00      4116287           373670            5080          15063             198                      -10184
 2021-05-11T17:00:00      4123230           363859            6946          16503             251                       -9811
 2021-05-12T17:00:00      4131078           352422            7852          19023             262                      -11437
 2021-05-13T17:00:00      4139160           346008            8085          14295             201                       -6414
 2021-05-14T17:00:00      4146722           339606            7567          13782             182                       -6402
 2021-05-15T17:00:00      4153374           332830            6659          13292             136                       -6776
 2021-05-16T17:00:00      4159122           328882            5753           9603              93                       -3948
 2021-05-17T17:00:00      4162576           322891            3455           9305             140                       -5991
 2021-05-18T17:00:00      4167025           315308            4452          11831             201                       -7583
 2021-05-19T17:00:00      4172525           306730            5506          13929             149                       -8578
 2021-05-20T17:00:00      4178261           299486            5741          12816             164                       -7244
 2021-05-21T17:00:00      4183476           291788            5218          12695             218                       -7698
 2021-05-22T17:00:00      4188190           283744            4717          12633             125                       -8044
 2021-05-23T17:00:00      4192183           281092            3995           6573              72                       -2652
 2021-05-24T17:00:00      4194672           276439            2490           7032             110                       -4653
 2021-05-25T17:00:00      4197892           268145            3224          11348             166                       -8294
 2021-05-26T17:00:00      4201827           260029            3937          11930             121                       -8116
 2021-05-27T17:00:00      4205970           253193            4147          10808             171                       -6836
 2021-05-28T17:00:00      4209707           246270            3738          10534             126                       -6923
 2021-05-29T17:00:00      4213055           241966            3351           7569              83                       -4304
 2021-05-30T17:00:00      4216003           238296            2949           6574              44                       -3670
 2021-05-31T17:00:00      4217821           233674            1820           6358              82                       -4622
 2021-06-01T17:00:00      4220304           225751            2483          10313              93                       -7923
 2021-06-02T17:00:00      4223200           210050            2897          18535              62                      -15701
 2021-06-03T17:00:00      4225163           205562            1968           6392              59                       -4488
 2021-06-04T17:00:00      4227719           200192            2557           7853              73                       -5370
 2021-06-05T17:00:00      4230153           195369            2436           7200              57                       -4823
 2021-06-06T17:00:00      4232428           192272            2275           5321              51                       -3097
 2021-06-07T17:00:00      4233698           188453            1273           5024              65                       -3819
 2021-06-08T17:00:00      4235592           181726            1896           8519             102                       -6727
 2021-06-09T17:00:00      4237790           174935            2199           8912              77                       -6791
 2021-06-10T17:00:00      4239868           169309            2079           7616              88                       -5626
 2021-06-11T17:00:00      4241760           165239            1901           5893              69                       -4070
 2021-06-12T17:00:00      4243482           162409            1723           4500              52                       -2830
 2021-06-13T17:00:00      4244872           160313            1390           3460              26                       -2096
 2021-06-14T17:00:00      4245779           157790             907           3394              36                       -2523
 2021-06-15T17:00:00      4247032           105906            1255          53074              63                      -51884
 2021-06-16T17:00:00      4248432           101855            1400           5399              52                       -4051
 2021-06-17T17:00:00      4249755            98608            1325           4533              37                       -3247
 2021-06-18T17:00:00      4250902            92072            1147           7648              35                       -6536
 2021-06-19T17:00:00      4252095            89150            1197           4087              28                       -2922
 2021-06-20T17:00:00      4252976            87710             881           2304              17                       -1440
 2021-06-21T17:00:00      4253460            76853             495          11320              21                      -10857
 2021-06-22T17:00:00      4254294            72964             835           4692              31                       -3889
 2021-06-23T17:00:00      4255434            68619             951           5455              12                       -4345
 2021-06-24T17:00:00      4255700            62309             927           6566              28                       -6310
 2021-06-25T17:00:00      4256451            60235             753           2769              56                       -2074
 2021-06-26T17:00:00      4257289            57732             838           3301              40                       -2503
 2021-06-27T17:00:00      4258069            57162             782           1336              14                        -570
 2021-06-28T17:00:00      4258456            54682             389           2839              28                       -2480
 2021-06-29T17:00:00      4259133            52824             679           2493              42                       -1858
 2021-06-30T17:00:00      4259909            50441             776           3135              24                       -2383
 2021-07-01T17:00:00      4260788            49358             882           1941              21                       -1083
 2021-07-02T17:00:00      4261582            47779             794           2345              28                       -1579
 2021-07-03T17:00:00      4262511            45576             932           3110              22                       -2203
 2021-07-04T17:00:00      4263317            44664             808           1706              12                        -912
 2021-07-05T17:00:00      4263797            43531             480           1582              31                       -1133
 2021-07-06T17:00:00      4264704            42579             907           1835              24                        -952
 2021-07-07T17:00:00      4265714            41840            1010           1735              14                        -739
 2021-07-08T17:00:00      4267105            41469            1394           1749              13                        -371
 2021-07-09T17:00:00      4268491            41396            1390           1434              25                         -73
 2021-07-10T17:00:00      4269885            41015            1400           1763              12                        -381
 2021-07-11T17:00:00      4271276            41081            1391           1318               7                          66
 2021-07-12T17:00:00      4272163            40426             888           1529              13                        -655
 2021-07-13T17:00:00      4273693            40649            1534           1287              20                         223
 2021-07-14T17:00:00      4275846            41700            2153           1079              23                        1051
 2021-07-15T17:00:00      4278319            40900            2455           3264               9                        -800
 2021-07-16T17:00:00      4281214            42714            2898           1070              11                        1814
 2021-07-17T17:00:00      4284332            43491            3121           2328              13                         777
 2021-07-18T17:00:00      4287458            46113            3127            501               3                        2622
 2021-07-19T17:00:00      4289528            47525            2072            651               7                        1412
 2021-07-20T17:00:00      4293083            49310            3558           1760              10                        1785
 2021-07-21T17:00:00      4297337            51308            4259           2235              21                        1998
 2021-07-22T17:00:00      4302393            54866            5057           1483              15                        3558
 2021-07-23T17:00:00      4307535            58752            5143           1239              17                        3886
 2021-07-24T17:00:00      4312673            62523            5140           1362               5                        3771
 2021-07-25T17:00:00      4317415            66257            4743           1001               7                        3734
 2021-07-26T17:00:00      4320530            68236            3117           1114              22                        1979
 2021-07-27T17:00:00      4325046            70310            4522           2418              24                        2074
 2021-07-28T17:00:00      4330739            74161            5696           1827              15                        3851
 2021-07-29T17:00:00      4336906            78484            6171           1825              19                        4323
 2021-07-30T17:00:00      4343519            82962            6619           2117              18                        4478
 2021-07-31T17:00:00      4350028            87285            6513           2170              16                        4323
 2021-08-01T17:00:00      4355348            91350            5321           1250               2                        4065
 2021-08-02T17:00:00      4358533            93017            3190           1498              23                        1667
 2021-08-03T17:00:00      4363374            94216            4845           3615              27                        1199
 2021-08-04T17:00:00      4369964            97220            6596           3565              21                        3004
 2021-08-05T17:00:00      4377188           101046            7230           3371              27                        3826
 2021-08-06T17:00:00      4383787           104685            6599           2936              24                        3639
 2021-08-07T17:00:00      4390684           108535            6902           3025              22                        3850
 2021-08-08T17:00:00      4396417           112266            5735           1991              11                        3731
 2021-08-09T17:00:00      4400617           114855            4200           1589              22                        2589
 2021-08-10T17:00:00      4406241           116323            5636           4125              31                        1468
 2021-08-11T17:00:00      4413162           118761            6968           4450              31                        2438
 2021-08-12T17:00:00      4420429           121285            7270           4715              30                        2524
 2021-08-13T17:00:00      4427827           124250            7409           4388              45                        2965
 2021-08-14T17:00:00      4435008           126466            7188           4931              34                        2216
 2021-08-15T17:00:00      4440669           128528            5664           3580              19                        2062
 2021-08-16T17:00:00      4444338           128696            3674           3477              24                         168
 2021-08-17T17:00:00      4449606           129116            5273           4794              54                         420
 2021-08-18T17:00:00      4456765           128782            7162           7424              69                        -334
 2021-08-19T17:00:00      4464005           130502            7260           5465              55                        1720
 2021-08-20T17:00:00      4471225           131462            7224           6211              49                         960
 2021-08-21T17:00:00      4478691           133421            7470           5462              45                        1959
 2021-08-22T17:00:00      4484613           134938            5923           4382              23                        1517
 2021-08-23T17:00:00      4488779           135555            4168           3505              44                         617
 2021-08-24T17:00:00      4494857           135325            6076           6248              60                        -230
 2021-08-25T17:00:00      4502396           135724            7548           7081              59                         399
 2021-08-26T17:00:00      4509611           137057            7221           5839              43                        1333
 2021-08-27T17:00:00      4517434           138118            7826           6717              45                        1061
 2021-08-28T17:00:00      4524292           139428            6860           5494              54                        1310
 2021-08-29T17:00:00      4530246           141047            5959           4298              37                        1619
 2021-08-30T17:00:00      4534499           141393            4257           3854              53                         346
 2021-08-31T17:00:00      4539991           137925            5498           8885              75                       -3468
 2021-09-01T17:00:00      4546487           136578            6503           7774              69                       -1347
 2021-09-02T17:00:00      4553241           136898            6761           6372              62                         320
 2021-09-03T17:00:00      4559970           137025            6735           6544              58                         127
 2021-09-04T17:00:00      4566126           137039            6157           6086              56                          14
 2021-09-05T17:00:00      4571440           136702            5315           5602              49                        -337
 2021-09-06T17:00:00      4574787           136020            3361           3977              52                        -682
 2021-09-07T17:00:00      4579502           133787            4720           6877              71                       -2233
 2021-09-08T17:00:00      4585423           131581            5923           8058              69                       -2206
 2021-09-09T17:00:00      4590941           129918            5522           7122              59                       -1663
 2021-09-10T17:00:00      4596558           128489            5621           6984              62                       -1429
 2021-09-11T17:00:00      4601749           127626            5193           5997              57                        -863
 2021-09-12T17:00:00      4606413           127334            4664           4922              34                        -292
 2021-09-13T17:00:00      4609205           125904            2800           4186              36                       -1430
 2021-09-14T17:00:00      4613214           122340            4021           7501              72                       -3564
 2021-09-15T17:00:00      4618040           118487            4830           8606              73                       -3853
 2021-09-16T17:00:00      4623155           116342            5117           7193              67                       -2145
 2021-09-17T17:00:00      4627699           114271            4552           6549              66                       -2071
 2021-09-18T17:00:00      4632275           113040            4578           5756              51                       -1231
 2021-09-19T17:00:00      4636111           113536            3838           3314              26                         496
 2021-09-20T17:00:00      4638516           112514            2407           3383              44                       -1022
 2021-09-21T17:00:00      4641890           109513            3377           6308              67                       -3001
 2021-09-22T17:00:00      4645853           106559            3970           6850              67                       -2954
 2021-09-23T17:00:00      4649906           105083            4061           5466              63                       -1476
 2021-09-24T17:00:00      4653696           103556            3797           5265              52                       -1527
 2021-09-25T17:00:00      4657215           102574            3525           4451              50                        -982
 2021-09-26T17:00:00      4660314           102244            3099           3385              44                        -330
 2021-09-27T17:00:00      4662087           101080            1772           2892              45                       -1164
 2021-09-28T17:00:00      4665049            98872            2985           5105              65                       -2208
 2021-09-29T17:00:00      4668261            95979            3212           6042              63                       -2893
 2021-09-30T17:00:00      4672355            94308            3804           5714              51                       -1671
 2021-10-01T17:00:00      4675758            93652            3405           4007              52                        -656
 2021-10-02T17:00:00      4679067            92749            3312           4187              25                        -903
 2021-10-03T17:00:00      4682034            92967            2968           2716              33                         218
 2021-10-04T17:00:00      4683646            92096            1612           2446              37                        -871
 2021-10-05T17:00:00      4686109            90299            2466           4210              50                       -1797
 2021-10-06T17:00:00      4689341            88247            3235           5245              39                       -2052
 2021-10-07T17:00:00      4692274            87173            2938           3966              41                       -1074
 2021-10-08T17:00:00      4695291            85926            3023           4234              30                       -1247
 2021-10-09T17:00:00      4698038            85302            2748           3325              46                        -624
 2021-10-10T17:00:00      4700316            84808            2278           2745              27                        -494
 2021-10-11T17:00:00      4701832            84106            1516           2184              34                        -702
 2021-10-12T17:00:00      4704318            82546            2494           3997              49                       -1560
 2021-10-13T17:00:00      4707087            80451            2772           4827              37                       -2095
 2021-10-14T17:00:00      4709753            79368            2668           3709              40                       -1083
 2021-10-15T17:00:00      4712482            78522            2732           3533              42                        -846
 2021-10-16T17:00:00      4715464            78071            2983           3419              14                        -451
 2021-10-17T17:00:00      4717899            77569            2437           2913              24                        -502
 2021-10-18T17:00:00      4719493            76363            1597           2756              44                       -1206
 2021-10-19T17:00:00      4722188            74546            2697           4442              70                       -1817
 2021-10-20T17:00:00      4725887            73668            3702           4544              33                        -878
 2021-10-21T17:00:00      4729678            73750            3794           3673              36                          82
 2021-10-22T17:00:00      4733557            73729            3882           3861              39                         -21
 2021-10-23T17:00:00      4737462            74016            3908           3579              39                         287
 2021-10-24T17:00:00      4741185            74775            3725           2940              24                         759
 2021-10-25T17:00:00      4743720            74654            2535           2626              30                        -121
 2021-10-26T17:00:00      4747773            75046            4054           3613              48                         392
 2021-10-27T17:00:00      4752368            75365            4598           4226              50                         319
 2021-10-28T17:00:00      4757231            76778            4866           3400              50                        1413
 2021-10-29T17:00:00      4762563            78644            5335           3433              33                        1866
 2021-10-30T17:00:00      4767440            80381            4878           3103              37                        1737
 2021-10-31T17:00:00      4771965            82448            4526           2432              26                        2067
 2021-11-01T17:00:00      4774783            83722            2818           1524              20                        1274
 2021-11-02T17:00:00      4777614            84447            2834           2065              41                         725
 2021-11-03T17:00:00      4782802            85287            5188           4285              63                         840
 2021-11-04T17:00:00      4788704            87376            5905           3754              59                        2089
 2021-11-05T17:00:00      4795465            90356            6764           3730              51                        2980
 2021-11-06T17:00:00      4802225            93693            6764           3392              31                        3337
 2021-11-07T17:00:00      4808047            96987            5822           2502              20                        3294
 2021-11-08T17:00:00      4812594            98775            4197           2727              38                        1788
 2021-11-09T17:00:00      4818705           100205            6032           4613              68                        1430
 2021-11-10T17:00:00      4826738           102859            7891           5319              60                        2654
 2021-11-11T17:00:00      4835435           106920            8569           4569              67                        4061
 2021-11-12T17:00:00      4843957           110659            8516           4715              68                        3739
 2021-11-13T17:00:00      4852496           115112            8544           4033              53                        4453
 2021-11-14T17:00:00      4860061           119230            7569           3411              36                        4118
 2021-11-15T17:00:00      4865260           120875            5144           3510              44                        1645
 2021-11-16T17:00:00      4873075           123396            7698           5220              74                        2521
 2021-11-17T17:00:00      4883242           127085           10172           6406              72                        3689
 2021-11-18T17:00:00      4893887           132513           10638           5148              69                        5428
 2021-11-19T17:00:00      4904441           137130           10544           5889              48                        4617
 2021-11-20T17:00:00      4915981           143401           11555           5220              49                        6271
 2021-11-21T17:00:00      4925688           148760            9709           4302              46                        5359
 2021-11-22T17:00:00      4932091           151514            6404           3579              70                        2754
 2021-11-23T17:00:00      4942135           154510           10047           6965              83                        2996
 2021-11-24T17:00:00      4954585           159317           12448           7558              85                        4807
 2021-11-25T17:00:00      4968341           166598           13764           6404              71                        7281
 2021-11-26T17:00:00      4982022           172618           13686           7610              51                        6020
 2021-11-27T17:00:00      4994891           178946           12877           6451              90                        6328
 2021-11-28T17:00:00      5007818           186443           12932           5383              47                        7497
 2021-11-29T17:00:00      5015790           189643            7975           4707              65                        3200
 2021-11-30T17:00:00      5028547           194270           12764           8041              89                        4627
 2021-12-01T17:00:00      5043620           199783           15085           9457             103                        5513