REPORT of DATE, TOT CASES, CURRENTLY INFECTED, HEALED, DECEASED
                data  totale_casi  totale_positivi  dimessi_guariti  deceduti
 2020-02-24T18:00:00          229              221                1         7
 2020-02-25T18:00:00          322              311                1        10
 2020-02-26T18:00:00          400              385                3        12
 2020-02-27T18:00:00          650              588               45        17
 2020-02-28T18:00:00          888              821               46        21
 2020-02-29T18:00:00         1128             1049               50        29
 2020-03-01T18:00:00         1694             1577               83        34
 2020-03-02T18:00:00         2036             1835              149        52
 2020-03-03T18:00:00         2502             2263              160        79
 2020-03-04T18:00:00         3089             2706              276       107
 2020-03-05T18:00:00         3858             3296              414       148
 2020-03-06T18:00:00         4636             3916              523       197
 2020-03-07T18:00:00         5883             5061              589       233
 2020-03-08T18:00:00         7375             6387              622       366
 2020-03-09T18:00:00         9172             7985              724       463
 2020-03-10T18:00:00        10149             8514             1004       631
 2020-03-11T17:00:00        12462            10590             1045       827
 2020-03-12T17:00:00        15113            12839             1258      1016
 2020-03-13T17:00:00        17660            14955             1439      1266
 2020-03-14T17:00:00        21157            17750             1966      1441
 2020-03-15T17:00:00        24747            20603             2335      1809
 2020-03-16T17:00:00        27980            23073             2749      2158
 2020-03-17T17:00:00        31506            26062             2941      2503
 2020-03-18T17:00:00        35713            28710             4025      2978
 2020-03-19T17:00:00        41035            33190             4440      3405
 2020-03-20T17:00:00        47021            37860             5129      4032
 2020-03-21T17:00:00        53578            42681             6072      4825
 2020-03-22T17:00:00        59138            46638             7024      5476
 2020-03-23T17:00:00        63927            50418             7432      6077
 2020-03-24T17:00:00        69176            54030             8326      6820
 2020-03-25T17:00:00        74386            57521             9362      7503
 2020-03-26T17:00:00        80539            62013            10361      8165
 2020-03-27T17:00:00        86498            66414            10950      9134
 2020-03-28T17:00:00        92472            70065            12384     10023
 2020-03-29T17:00:00        97689            73880            13030     10779
 2020-03-30T17:00:00       101739            75528            14620     11591
 2020-03-31T17:00:00       105792            77635            15729     12428
 2020-04-01T17:00:00       110574            80572            16847     13155
 2020-04-02T17:00:00       115242            83049            18278     13915
 2020-04-03T17:00:00       119827            85388            19758     14681
 2020-04-04T17:00:00       124632            88274            20996     15362
 2020-04-05T17:00:00       128948            91246            21815     15887
 2020-04-06T17:00:00       132547            93187            22837     16523
 2020-04-07T17:00:00       135586            94067            24392     17127
 2020-04-08T17:00:00       139422            95262            26491     17669
 2020-04-09T17:00:00       143626            96877            28470     18279
 2020-04-10T17:00:00       147577            98273            30455     18849
 2020-04-11T17:00:00       152271           100269            32534     19468
 2020-04-12T17:00:00       156363           102253            34211     19899
 2020-04-13T17:00:00       159516           103616            35435     20465
 2020-04-14T17:00:00       162488           104291            37130     21067
 2020-04-15T17:00:00       165155           105418            38092     21645
 2020-04-16T17:00:00       168941           106607            40164     22170
 2020-04-17T17:00:00       172434           106962            42727     22745
 2020-04-18T17:00:00       175925           107771            44927     23227
 2020-04-19T17:00:00       178972           108257            47055     23660
 2020-04-20T17:00:00       181228           108237            48877     24114
 2020-04-21T17:00:00       183957           107709            51600     24648
 2020-04-22T17:00:00       187327           107699            54543     25085
 2020-04-23T17:00:00       189973           106848            57576     25549
 2020-04-24T17:00:00       192994           106527            60498     25969
 2020-04-25T17:00:00       195351           105847            63120     26384
 2020-04-26T17:00:00       197675           106103            64928     26644
 2020-04-27T17:00:00       199414           105813            66624     26977
 2020-04-28T17:00:00       201505           105205            68941     27359
 2020-04-29T17:00:00       203591           104657            71252     27682
 2020-04-30T17:00:00       205463           101551            75945     27967
 2020-05-01T17:00:00       207428           100943            78249     28236
 2020-05-02T17:00:00       209328           100704            79914     28710
 2020-05-03T17:00:00       210717           100179            81654     28884
 2020-05-04T17:00:00       211938            99980            82879     29079
 2020-05-05T17:00:00       213013            98467            85231     29315
 2020-05-06T17:00:00       214457            91528            93245     29684
 2020-05-07T17:00:00       215858            89624            96276     29958
 2020-05-08T17:00:00       217185            87961            99023     30201
 2020-05-09T17:00:00       218268            84842           103031     30395
 2020-05-10T17:00:00       219070            83324           105186     30560
 2020-05-11T17:00:00       219814            82488           106587     30739
 2020-05-12T17:00:00       221216            81266           109039     30911
 2020-05-13T17:00:00       222104            78457           112541     31106
 2020-05-14T17:00:00       223096            76440           115288     31368
 2020-05-15T17:00:00       223885            72070           120205     31610
 2020-05-16T17:00:00       224760            70187           122810     31763
 2020-05-17T17:00:00       225435            68351           125176     31908
 2020-05-18T17:00:00       225886            66553           127326     32007
 2020-05-19T17:00:00       226699            65129           129401     32169
 2020-05-20T17:00:00       227364            62752           132282     32330
 2020-05-21T17:00:00       228006            60960           134560     32486
 2020-05-22T17:00:00       228658            59322           136720     32616
 2020-05-23T17:00:00       229327            57752           138840     32735
 2020-05-24T17:00:00       229858            56594           140479     32785
 2020-05-25T17:00:00       230158            55300           141981     32877
 2020-05-26T17:00:00       230555            52942           144658     32955
 2020-05-27T17:00:00       231139            50966           147101     33072
 2020-05-28T17:00:00       231732            47986           150604     33142
 2020-05-29T17:00:00       232248            46175           152844     33229
 2020-05-30T17:00:00       232664            43691           155633     33340
 2020-05-31T17:00:00       233019            42097           157507     33415
 2020-06-01T17:00:00       233197            41367           158355     33475
 2020-06-02T17:00:00       233515            39893           160092     33530
 2020-06-03T17:00:00       233836            39297           160938     33601
 2020-06-04T17:00:00       234013            38429           161895     33689
 2020-06-05T17:00:00       234531            36976           163781     33774
 2020-06-06T17:00:00       234801            35877           165078     33846
 2020-06-07T17:00:00       234998            35262           165837     33899
 2020-06-08T17:00:00       235278            34730           166584     33964
 2020-06-09T17:00:00       235561            32872           168646     34043
 2020-06-10T17:00:00       235763            31710           169939     34114
 2020-06-11T17:00:00       236142            30637           171338     34167
 2020-06-12T17:00:00       236305            28997           173085     34223
 2020-06-13T17:00:00       236651            27485           174865     34301
 2020-06-14T17:00:00       236989            26274           176370     34345
 2020-06-15T17:00:00       237290            25909           177010     34371
 2020-06-16T17:00:00       237500            24569           178526     34405
 2020-06-17T17:00:00       237828            23925           179455     34448
 2020-06-18T17:00:00       238159            23101           180544     34514
 2020-06-19T17:00:00       238011            21543           181907     34561
 2020-06-20T17:00:00       238275            21212           182453     34610
 2020-06-21T17:00:00       238499            20972           182893     34634
 2020-06-22T17:00:00       238720            20637           183426     34657
 2020-06-23T17:00:00       238833            19573           184585     34675
 2020-06-24T17:00:00       239410            18655           186111     34644
 2020-06-25T17:00:00       239706            18303           186725     34678
 2020-06-26T17:00:00       239961            17638           187615     34708
 2020-06-27T17:00:00       240136            16836           188584     34716
 2020-06-28T17:00:00       240310            16681           188891     34738
 2020-06-29T17:00:00       240436            16496           189196     34744
 2020-06-30T17:00:00       240578            15563           190248     34767
 2020-07-01T17:00:00       240760            15255           190717     34788
 2020-07-02T17:00:00       240961            15060           191083     34818
 2020-07-03T17:00:00       241184            14884           191467     34833
 2020-07-04T17:00:00       241419            14621           191944     34854
 2020-07-05T17:00:00       241611            14642           192108     34861
 2020-07-06T17:00:00       241819            14709           192241     34869
 2020-07-07T17:00:00       241956            14242           192815     34899
 2020-07-08T17:00:00       242149            13595           193640     34914
 2020-07-09T17:00:00       242363            13459           193978     34926
 2020-07-10T17:00:00       242639            13428           194273     34938
 2020-07-11T17:00:00       242827            13303           194579     34945
 2020-07-12T17:00:00       243061            13179           194928     34954
 2020-07-13T17:00:00       243230            13157           195106     34967
 2020-07-14T17:00:00       243344            12919           195441     34984
 2020-07-15T17:00:00       243506            12493           196016     34997
 2020-07-16T17:00:00       243736            12473           196246     35017
 2020-07-17T17:00:00       243967            12456           196483     35028
 2020-07-18T17:00:00       244216            12368           196806     35042
 2020-07-19T17:00:00       244434            12440           196949     35045
 2020-07-20T17:00:00       244624            12404           197162     35058
 2020-07-21T17:00:00       244752            12248           197431     35073
 2020-07-22T17:00:00       245032            12322           197628     35082
 2020-07-23T17:00:00       245338            12404           197842     35092
 2020-07-24T17:00:00       245590            12301           198192     35097
 2020-07-25T17:00:00       245864            12442           198320     35102
 2020-07-26T17:00:00       246118            12565           198446     35107
 2020-07-27T17:00:00       246286            12581           198593     35112
 2020-07-28T17:00:00       246488            12609           198756     35123
 2020-07-29T17:00:00       246776            12616           199031     35129
 2020-07-30T17:00:00       247158            12230           199796     35132
 2020-07-31T17:00:00       247537            12422           199974     35141
 2020-08-01T17:00:00       247832            12457           200229     35146
 2020-08-02T17:00:00       248070            12456           200460     35154
 2020-08-03T17:00:00       248229            12474           200589     35166
 2020-08-04T17:00:00       248419            12482           200766     35171